10 10
starlink 0
1 00001U 00000ABC 00001.00000000  .00000000  00000-0  00000+0 0    04
2 00001  53.0000   0.0000 0000001   0.0000   0.0000 15.05000000    03
starlink 1
1 00002U 00000ABC 00001.00000000  .00000000  00000-0  00000+0 0    05
2 00002  53.0000   0.0000 0000001   0.0000  36.0000 15.05000000    03
starlink 2
1 00003U 00000ABC 00001.00000000  .00000000  00000-0  00000+0 0    06
2 00003  53.0000   0.0000 0000001   0.0000  72.0000 15.05000000    04
starlink 3
1 00004U 00000ABC 00001.00000000  .00000000  00000-0  00000+0 0    07
2 00004  53.0000   0.0000 0000001   0.0000 108.0000 15.05000000    05
starlink 4
1 00005U 00000ABC 00001.00000000  .00000000  00000-0  00000+0 0    08
2 00005  53.0000   0.0000 0000001   0.0000 144.0000 15.05000000    06
starlink 5
1 00006U 00000ABC 00001.00000000  .00000000  00000-0  00000+0 0    09
2 00006  53.0000   0.0000 0000001   0.0000 180.0000 15.05000000    07
starlink 6
1 00007U 00000ABC 00001.00000000  .00000000  00000-0  00000+0 0    00
2 00007  53.0000   0.0000 0000001   0.0000 216.0000 15.05000000    08
starlink 7
1 00008U 00000ABC 00001.00000000  .00000000  00000-0  00000+0 0    01
2 00008  53.0000   0.0000 0000001   0.0000 252.0000 15.05000000    09
starlink 8
1 00009U 00000ABC 00001.00000000  .00000000  00000-0  00000+0 0    02
2 00009  53.0000   0.0000 0000001   0.0000 288.0000 15.05000000    09
starlink 9
1 00010U 00000ABC 00001.00000000  .00000000  00000-0  00000+0 0    04
2 00010  53.0000   0.0000 0000001   0.0000 324.0000 15.05000000    02
starlink 10
1 00011U 00000ABC 00001.00000000  .00000000  00000-0  00000+0 0    05
2 00011  53.0000  36.0000 0000001   0.0000  18.0000 15.05000000    02
starlink 11
1 00012U 00000ABC 00001.00000000  .00000000  00000-0  00000+0 0    06
2 00012  53.0000  36.0000 0000001   0.0000  54.0000 15.05000000    03
starlink 12
1 00013U 00000ABC 00001.00000000  .00000000  00000-0  00000+0 0    07
2 00013  53.0000  36.0000 0000001   0.0000  90.0000 15.05000000    04
starlink 13
1 00014U 00000ABC 00001.00000000  .00000000  00000-0  00000+0 0    08
2 00014  53.0000  36.0000 0000001   0.0000 126.0000 15.05000000    05
starlink 14
1 00015U 00000ABC 00001.00000000  .00000000  00000-0  00000+0 0    09
2 00015  53.0000  36.0000 0000001   0.0000 162.0000 15.05000000    06
starlink 15
1 00016U 00000ABC 00001.00000000  .00000000  00000-0  00000+0 0    00
2 00016  53.0000  36.0000 0000001   0.0000 198.0000 15.05000000    06
starlink 16
1 00017U 00000ABC 00001.00000000  .00000000  00000-0  00000+0 0    01
2 00017  53.0000  36.0000 0000001   0.0000 234.0000 15.05000000    08
starlink 17
1 00018U 00000ABC 00001.00000000  .00000000  00000-0  00000+0 0    02
2 00018  53.0000  36.0000 0000001   0.0000 270.0000 15.05000000    09
starlink 18
1 00019U 00000ABC 00001.00000000  .00000000  00000-0  00000+0 0    03
2 00019  53.0000  36.0000 0000001   0.0000 306.0000 15.05000000    00
starlink 19
1 00020U 00000ABC 00001.00000000  .00000000  00000-0  00000+0 0    05
2 00020  53.0000  36.0000 0000001   0.0000 342.0000 15.05000000    02
starlink 20
1 00021U 00000ABC 00001.00000000  .00000000  00000-0  00000+0 0    06
2 00021  53.0000  72.0000 0000001   0.0000   0.0000 15.05000000    04
starlink 21
1 00022U 00000ABC 00001.00000000  .00000000  00000-0  00000+0 0    07
2 00022  53.0000  72.0000 0000001   0.0000  36.0000 15.05000000    04
starlink 22
1 00023U 00000ABC 00001.00000000  .00000000  00000-0  00000+0 0    08
2 00023  53.0000  72.0000 0000001   0.0000  72.0000 15.05000000    05
starlink 23
1 00024U 00000ABC 00001.00000000  .00000000  00000-0  00000+0 0    09
2 00024  53.0000  72.0000 0000001   0.0000 108.0000 15.05000000    06
starlink 24
1 00025U 00000ABC 00001.00000000  .00000000  00000-0  00000+0 0    00
2 00025  53.0000  72.0000 0000001   0.0000 144.0000 15.05000000    07
starlink 25
1 00026U 00000ABC 00001.00000000  .00000000  00000-0  00000+0 0    01
2 00026  53.0000  72.0000 0000001   0.0000 180.0000 15.05000000    08
starlink 26
1 00027U 00000ABC 00001.00000000  .00000000  00000-0  00000+0 0    02
2 00027  53.0000  72.0000 0000001   0.0000 216.0000 15.05000000    09
starlink 27
1 00028U 00000ABC 00001.00000000  .00000000  00000-0  00000+0 0    03
2 00028  53.0000  72.0000 0000001   0.0000 252.0000 15.05000000    00
starlink 28
1 00029U 00000ABC 00001.00000000  .00000000  00000-0  00000+0 0    04
2 00029  53.0000  72.0000 0000001   0.0000 288.0000 15.05000000    00
starlink 29
1 00030U 00000ABC 00001.00000000  .00000000  00000-0  00000+0 0    06
2 00030  53.0000  72.0000 0000001   0.0000 324.0000 15.05000000    03
starlink 30
1 00031U 00000ABC 00001.00000000  .00000000  00000-0  00000+0 0    07
2 00031  53.0000 108.0000 0000001   0.0000  18.0000 15.05000000    04
starlink 31
1 00032U 00000ABC 00001.00000000  .00000000  00000-0  00000+0 0    08
2 00032  53.0000 108.0000 0000001   0.0000  54.0000 15.05000000    05
starlink 32
1 00033U 00000ABC 00001.00000000  .00000000  00000-0  00000+0 0    09
2 00033  53.0000 108.0000 0000001   0.0000  90.0000 15.05000000    06
starlink 33
1 00034U 00000ABC 00001.00000000  .00000000  00000-0  00000+0 0    00
2 00034  53.0000 108.0000 0000001   0.0000 126.0000 15.05000000    07
starlink 34
1 00035U 00000ABC 00001.00000000  .00000000  00000-0  00000+0 0    01
2 00035  53.0000 108.0000 0000001   0.0000 162.0000 15.05000000    08
starlink 35
1 00036U 00000ABC 00001.00000000  .00000000  00000-0  00000+0 0    02
2 00036  53.0000 108.0000 0000001   0.0000 198.0000 15.05000000    08
starlink 36
1 00037U 00000ABC 00001.00000000  .00000000  00000-0  00000+0 0    03
2 00037  53.0000 108.0000 0000001   0.0000 234.0000 15.05000000    00
starlink 37
1 00038U 00000ABC 00001.00000000  .00000000  00000-0  00000+0 0    04
2 00038  53.0000 108.0000 0000001   0.0000 270.0000 15.05000000    01
starlink 38
1 00039U 00000ABC 00001.00000000  .00000000  00000-0  00000+0 0    05
2 00039  53.0000 108.0000 0000001   0.0000 306.0000 15.05000000    02
starlink 39
1 00040U 00000ABC 00001.00000000  .00000000  00000-0  00000+0 0    07
2 00040  53.0000 108.0000 0000001   0.0000 342.0000 15.05000000    04
starlink 40
1 00041U 00000ABC 00001.00000000  .00000000  00000-0  00000+0 0    08
2 00041  53.0000 144.0000 0000001   0.0000   0.0000 15.05000000    06
starlink 41
1 00042U 00000ABC 00001.00000000  .00000000  00000-0  00000+0 0    09
2 00042  53.0000 144.0000 0000001   0.0000  36.0000 15.05000000    06
starlink 42
1 00043U 00000ABC 00001.00000000  .00000000  00000-0  00000+0 0    00
2 00043  53.0000 144.0000 0000001   0.0000  72.0000 15.05000000    07
starlink 43
1 00044U 00000ABC 00001.00000000  .00000000  00000-0  00000+0 0    01
2 00044  53.0000 144.0000 0000001   0.0000 108.0000 15.05000000    08
starlink 44
1 00045U 00000ABC 00001.00000000  .00000000  00000-0  00000+0 0    02
2 00045  53.0000 144.0000 0000001   0.0000 144.0000 15.05000000    09
starlink 45
1 00046U 00000ABC 00001.00000000  .00000000  00000-0  00000+0 0    03
2 00046  53.0000 144.0000 0000001   0.0000 180.0000 15.05000000    00
starlink 46
1 00047U 00000ABC 00001.00000000  .00000000  00000-0  00000+0 0    04
2 00047  53.0000 144.0000 0000001   0.0000 216.0000 15.05000000    01
starlink 47
1 00048U 00000ABC 00001.00000000  .00000000  00000-0  00000+0 0    05
2 00048  53.0000 144.0000 0000001   0.0000 252.0000 15.05000000    02
starlink 48
1 00049U 00000ABC 00001.00000000  .00000000  00000-0  00000+0 0    06
2 00049  53.0000 144.0000 0000001   0.0000 288.0000 15.05000000    02
starlink 49
1 00050U 00000ABC 00001.00000000  .00000000  00000-0  00000+0 0    08
2 00050  53.0000 144.0000 0000001   0.0000 324.0000 15.05000000    05
starlink 50
1 00051U 00000ABC 00001.00000000  .00000000  00000-0  00000+0 0    09
2 00051  53.0000 180.0000 0000001   0.0000  18.0000 15.05000000    06
starlink 51
1 00052U 00000ABC 00001.00000000  .00000000  00000-0  00000+0 0    00
2 00052  53.0000 180.0000 0000001   0.0000  54.0000 15.05000000    07
starlink 52
1 00053U 00000ABC 00001.00000000  .00000000  00000-0  00000+0 0    01
2 00053  53.0000 180.0000 0000001   0.0000  90.0000 15.05000000    08
starlink 53
1 00054U 00000ABC 00001.00000000  .00000000  00000-0  00000+0 0    02
2 00054  53.0000 180.0000 0000001   0.0000 126.0000 15.05000000    09
starlink 54
1 00055U 00000ABC 00001.00000000  .00000000  00000-0  00000+0 0    03
2 00055  53.0000 180.0000 0000001   0.0000 162.0000 15.05000000    00
starlink 55
1 00056U 00000ABC 00001.00000000  .00000000  00000-0  00000+0 0    04
2 00056  53.0000 180.0000 0000001   0.0000 198.0000 15.05000000    00
starlink 56
1 00057U 00000ABC 00001.00000000  .00000000  00000-0  00000+0 0    05
2 00057  53.0000 180.0000 0000001   0.0000 234.0000 15.05000000    02
starlink 57
1 00058U 00000ABC 00001.00000000  .00000000  00000-0  00000+0 0    06
2 00058  53.0000 180.0000 0000001   0.0000 270.0000 15.05000000    03
starlink 58
1 00059U 00000ABC 00001.00000000  .00000000  00000-0  00000+0 0    07
2 00059  53.0000 180.0000 0000001   0.0000 306.0000 15.05000000    04
starlink 59
1 00060U 00000ABC 00001.00000000  .00000000  00000-0  00000+0 0    09
2 00060  53.0000 180.0000 0000001   0.0000 342.0000 15.05000000    06
starlink 60
1 00061U 00000ABC 00001.00000000  .00000000  00000-0  00000+0 0    00
2 00061  53.0000 216.0000 0000001   0.0000   0.0000 15.05000000    08
starlink 61
1 00062U 00000ABC 00001.00000000  .00000000  00000-0  00000+0 0    01
2 00062  53.0000 216.0000 0000001   0.0000  36.0000 15.05000000    08
starlink 62
1 00063U 00000ABC 00001.00000000  .00000000  00000-0  00000+0 0    02
2 00063  53.0000 216.0000 0000001   0.0000  72.0000 15.05000000    09
starlink 63
1 00064U 00000ABC 00001.00000000  .00000000  00000-0  00000+0 0    03
2 00064  53.0000 216.0000 0000001   0.0000 108.0000 15.05000000    00
starlink 64
1 00065U 00000ABC 00001.00000000  .00000000  00000-0  00000+0 0    04
2 00065  53.0000 216.0000 0000001   0.0000 144.0000 15.05000000    01
starlink 65
1 00066U 00000ABC 00001.00000000  .00000000  00000-0  00000+0 0    05
2 00066  53.0000 216.0000 0000001   0.0000 180.0000 15.05000000    02
starlink 66
1 00067U 00000ABC 00001.00000000  .00000000  00000-0  00000+0 0    06
2 00067  53.0000 216.0000 0000001   0.0000 216.0000 15.05000000    03
starlink 67
1 00068U 00000ABC 00001.00000000  .00000000  00000-0  00000+0 0    07
2 00068  53.0000 216.0000 0000001   0.0000 252.0000 15.05000000    04
starlink 68
1 00069U 00000ABC 00001.00000000  .00000000  00000-0  00000+0 0    08
2 00069  53.0000 216.0000 0000001   0.0000 288.0000 15.05000000    04
starlink 69
1 00070U 00000ABC 00001.00000000  .00000000  00000-0  00000+0 0    00
2 00070  53.0000 216.0000 0000001   0.0000 324.0000 15.05000000    07
starlink 70
1 00071U 00000ABC 00001.00000000  .00000000  00000-0  00000+0 0    01
2 00071  53.0000 252.0000 0000001   0.0000  18.0000 15.05000000    08
starlink 71
1 00072U 00000ABC 00001.00000000  .00000000  00000-0  00000+0 0    02
2 00072  53.0000 252.0000 0000001   0.0000  54.0000 15.05000000    09
starlink 72
1 00073U 00000ABC 00001.00000000  .00000000  00000-0  00000+0 0    03
2 00073  53.0000 252.0000 0000001   0.0000  90.0000 15.05000000    00
starlink 73
1 00074U 00000ABC 00001.00000000  .00000000  00000-0  00000+0 0    04
2 00074  53.0000 252.0000 0000001   0.0000 126.0000 15.05000000    01
starlink 74
1 00075U 00000ABC 00001.00000000  .00000000  00000-0  00000+0 0    05
2 00075  53.0000 252.0000 0000001   0.0000 162.0000 15.05000000    02
starlink 75
1 00076U 00000ABC 00001.00000000  .00000000  00000-0  00000+0 0    06
2 00076  53.0000 252.0000 0000001   0.0000 198.0000 15.05000000    02
starlink 76
1 00077U 00000ABC 00001.00000000  .00000000  00000-0  00000+0 0    07
2 00077  53.0000 252.0000 0000001   0.0000 234.0000 15.05000000    04
starlink 77
1 00078U 00000ABC 00001.00000000  .00000000  00000-0  00000+0 0    08
2 00078  53.0000 252.0000 0000001   0.0000 270.0000 15.05000000    05
starlink 78
1 00079U 00000ABC 00001.00000000  .00000000  00000-0  00000+0 0    09
2 00079  53.0000 252.0000 0000001   0.0000 306.0000 15.05000000    06
starlink 79
1 00080U 00000ABC 00001.00000000  .00000000  00000-0  00000+0 0    01
2 00080  53.0000 252.0000 0000001   0.0000 342.0000 15.05000000    08
starlink 80
1 00081U 00000ABC 00001.00000000  .00000000  00000-0  00000+0 0    02
2 00081  53.0000 288.0000 0000001   0.0000   0.0000 15.05000000    09
starlink 81
1 00082U 00000ABC 00001.00000000  .00000000  00000-0  00000+0 0    03
2 00082  53.0000 288.0000 0000001   0.0000  36.0000 15.05000000    09
starlink 82
1 00083U 00000ABC 00001.00000000  .00000000  00000-0  00000+0 0    04
2 00083  53.0000 288.0000 0000001   0.0000  72.0000 15.05000000    00
starlink 83
1 00084U 00000ABC 00001.00000000  .00000000  00000-0  00000+0 0    05
2 00084  53.0000 288.0000 0000001   0.0000 108.0000 15.05000000    01
starlink 84
1 00085U 00000ABC 00001.00000000  .00000000  00000-0  00000+0 0    06
2 00085  53.0000 288.0000 0000001   0.0000 144.0000 15.05000000    02
starlink 85
1 00086U 00000ABC 00001.00000000  .00000000  00000-0  00000+0 0    07
2 00086  53.0000 288.0000 0000001   0.0000 180.0000 15.05000000    03
starlink 86
1 00087U 00000ABC 00001.00000000  .00000000  00000-0  00000+0 0    08
2 00087  53.0000 288.0000 0000001   0.0000 216.0000 15.05000000    04
starlink 87
1 00088U 00000ABC 00001.00000000  .00000000  00000-0  00000+0 0    09
2 00088  53.0000 288.0000 0000001   0.0000 252.0000 15.05000000    05
starlink 88
1 00089U 00000ABC 00001.00000000  .00000000  00000-0  00000+0 0    00
2 00089  53.0000 288.0000 0000001   0.0000 288.0000 15.05000000    05
starlink 89
1 00090U 00000ABC 00001.00000000  .00000000  00000-0  00000+0 0    02
2 00090  53.0000 288.0000 0000001   0.0000 324.0000 15.05000000    08
starlink 90
1 00091U 00000ABC 00001.00000000  .00000000  00000-0  00000+0 0    03
2 00091  53.0000 324.0000 0000001   0.0000  18.0000 15.05000000    00
starlink 91
1 00092U 00000ABC 00001.00000000  .00000000  00000-0  00000+0 0    04
2 00092  53.0000 324.0000 0000001   0.0000  54.0000 15.05000000    01
starlink 92
1 00093U 00000ABC 00001.00000000  .00000000  00000-0  00000+0 0    05
2 00093  53.0000 324.0000 0000001   0.0000  90.0000 15.05000000    02
starlink 93
1 00094U 00000ABC 00001.00000000  .00000000  00000-0  00000+0 0    06
2 00094  53.0000 324.0000 0000001   0.0000 126.0000 15.05000000    03
starlink 94
1 00095U 00000ABC 00001.00000000  .00000000  00000-0  00000+0 0    07
2 00095  53.0000 324.0000 0000001   0.0000 162.0000 15.05000000    04
starlink 95
1 00096U 00000ABC 00001.00000000  .00000000  00000-0  00000+0 0    08
2 00096  53.0000 324.0000 0000001   0.0000 198.0000 15.05000000    04
starlink 96
1 00097U 00000ABC 00001.00000000  .00000000  00000-0  00000+0 0    09
2 00097  53.0000 324.0000 0000001   0.0000 234.0000 15.05000000    06
starlink 97
1 00098U 00000ABC 00001.00000000  .00000000  00000-0  00000+0 0    00
2 00098  53.0000 324.0000 0000001   0.0000 270.0000 15.05000000    07
starlink 98
1 00099U 00000ABC 00001.00000000  .00000000  00000-0  00000+0 0    01
2 00099  53.0000 324.0000 0000001   0.0000 306.0000 15.05000000    08
starlink 99
1 00100U 00000ABC 00001.00000000  .00000000  00000-0  00000+0 0    04
2 00100  53.0000 324.0000 0000001   0.0000 342.0000 15.05000000    01
