10 10
Lion 0
1 00001U 00000ABC 00001.00000000  .00000000  00000-0  00000+0 0    04
2 00001  51.9000   0.0000 0000001   0.0000   0.0000 14.80000000    02
Lion 1
1 00002U 00000ABC 00001.00000000  .00000000  00000-0  00000+0 0    05
2 00002  51.9000   0.0000 0000001   0.0000  36.0000 14.80000000    02
Lion 2
1 00003U 00000ABC 00001.00000000  .00000000  00000-0  00000+0 0    06
2 00003  51.9000   0.0000 0000001   0.0000  72.0000 14.80000000    03
Lion 3
1 00004U 00000ABC 00001.00000000  .00000000  00000-0  00000+0 0    07
2 00004  51.9000   0.0000 0000001   0.0000 108.0000 14.80000000    04
Lion 4
1 00005U 00000ABC 00001.00000000  .00000000  00000-0  00000+0 0    08
2 00005  51.9000   0.0000 0000001   0.0000 144.0000 14.80000000    05
Lion 5
1 00006U 00000ABC 00001.00000000  .00000000  00000-0  00000+0 0    09
2 00006  51.9000   0.0000 0000001   0.0000 180.0000 14.80000000    06
Lion 6
1 00007U 00000ABC 00001.00000000  .00000000  00000-0  00000+0 0    00
2 00007  51.9000   0.0000 0000001   0.0000 216.0000 14.80000000    07
Lion 7
1 00008U 00000ABC 00001.00000000  .00000000  00000-0  00000+0 0    01
2 00008  51.9000   0.0000 0000001   0.0000 252.0000 14.80000000    08
Lion 8
1 00009U 00000ABC 00001.00000000  .00000000  00000-0  00000+0 0    02
2 00009  51.9000   0.0000 0000001   0.0000 288.0000 14.80000000    08
Lion 9
1 00010U 00000ABC 00001.00000000  .00000000  00000-0  00000+0 0    04
2 00010  51.9000   0.0000 0000001   0.0000 324.0000 14.80000000    01
Lion 10
1 00011U 00000ABC 00001.00000000  .00000000  00000-0  00000+0 0    05
2 00011  51.9000  36.0000 0000001   0.0000  18.0000 14.80000000    01
Lion 11
1 00012U 00000ABC 00001.00000000  .00000000  00000-0  00000+0 0    06
2 00012  51.9000  36.0000 0000001   0.0000  54.0000 14.80000000    02
Lion 12
1 00013U 00000ABC 00001.00000000  .00000000  00000-0  00000+0 0    07
2 00013  51.9000  36.0000 0000001   0.0000  90.0000 14.80000000    03
Lion 13
1 00014U 00000ABC 00001.00000000  .00000000  00000-0  00000+0 0    08
2 00014  51.9000  36.0000 0000001   0.0000 126.0000 14.80000000    04
Lion 14
1 00015U 00000ABC 00001.00000000  .00000000  00000-0  00000+0 0    09
2 00015  51.9000  36.0000 0000001   0.0000 162.0000 14.80000000    05
Lion 15
1 00016U 00000ABC 00001.00000000  .00000000  00000-0  00000+0 0    00
2 00016  51.9000  36.0000 0000001   0.0000 198.0000 14.80000000    05
Lion 16
1 00017U 00000ABC 00001.00000000  .00000000  00000-0  00000+0 0    01
2 00017  51.9000  36.0000 0000001   0.0000 234.0000 14.80000000    07
Lion 17
1 00018U 00000ABC 00001.00000000  .00000000  00000-0  00000+0 0    02
2 00018  51.9000  36.0000 0000001   0.0000 270.0000 14.80000000    08
Lion 18
1 00019U 00000ABC 00001.00000000  .00000000  00000-0  00000+0 0    03
2 00019  51.9000  36.0000 0000001   0.0000 306.0000 14.80000000    09
Lion 19
1 00020U 00000ABC 00001.00000000  .00000000  00000-0  00000+0 0    05
2 00020  51.9000  36.0000 0000001   0.0000 342.0000 14.80000000    01
Lion 20
1 00021U 00000ABC 00001.00000000  .00000000  00000-0  00000+0 0    06
2 00021  51.9000  72.0000 0000001   0.0000   0.0000 14.80000000    03
Lion 21
1 00022U 00000ABC 00001.00000000  .00000000  00000-0  00000+0 0    07
2 00022  51.9000  72.0000 0000001   0.0000  36.0000 14.80000000    03
Lion 22
1 00023U 00000ABC 00001.00000000  .00000000  00000-0  00000+0 0    08
2 00023  51.9000  72.0000 0000001   0.0000  72.0000 14.80000000    04
Lion 23
1 00024U 00000ABC 00001.00000000  .00000000  00000-0  00000+0 0    09
2 00024  51.9000  72.0000 0000001   0.0000 108.0000 14.80000000    05
Lion 24
1 00025U 00000ABC 00001.00000000  .00000000  00000-0  00000+0 0    00
2 00025  51.9000  72.0000 0000001   0.0000 144.0000 14.80000000    06
Lion 25
1 00026U 00000ABC 00001.00000000  .00000000  00000-0  00000+0 0    01
2 00026  51.9000  72.0000 0000001   0.0000 180.0000 14.80000000    07
Lion 26
1 00027U 00000ABC 00001.00000000  .00000000  00000-0  00000+0 0    02
2 00027  51.9000  72.0000 0000001   0.0000 216.0000 14.80000000    08
Lion 27
1 00028U 00000ABC 00001.00000000  .00000000  00000-0  00000+0 0    03
2 00028  51.9000  72.0000 0000001   0.0000 252.0000 14.80000000    09
Lion 28
1 00029U 00000ABC 00001.00000000  .00000000  00000-0  00000+0 0    04
2 00029  51.9000  72.0000 0000001   0.0000 288.0000 14.80000000    09
Lion 29
1 00030U 00000ABC 00001.00000000  .00000000  00000-0  00000+0 0    06
2 00030  51.9000  72.0000 0000001   0.0000 324.0000 14.80000000    02
Lion 30
1 00031U 00000ABC 00001.00000000  .00000000  00000-0  00000+0 0    07
2 00031  51.9000 108.0000 0000001   0.0000  18.0000 14.80000000    03
Lion 31
1 00032U 00000ABC 00001.00000000  .00000000  00000-0  00000+0 0    08
2 00032  51.9000 108.0000 0000001   0.0000  54.0000 14.80000000    04
Lion 32
1 00033U 00000ABC 00001.00000000  .00000000  00000-0  00000+0 0    09
2 00033  51.9000 108.0000 0000001   0.0000  90.0000 14.80000000    05
Lion 33
1 00034U 00000ABC 00001.00000000  .00000000  00000-0  00000+0 0    00
2 00034  51.9000 108.0000 0000001   0.0000 126.0000 14.80000000    06
Lion 34
1 00035U 00000ABC 00001.00000000  .00000000  00000-0  00000+0 0    01
2 00035  51.9000 108.0000 0000001   0.0000 162.0000 14.80000000    07
Lion 35
1 00036U 00000ABC 00001.00000000  .00000000  00000-0  00000+0 0    02
2 00036  51.9000 108.0000 0000001   0.0000 198.0000 14.80000000    07
Lion 36
1 00037U 00000ABC 00001.00000000  .00000000  00000-0  00000+0 0    03
2 00037  51.9000 108.0000 0000001   0.0000 234.0000 14.80000000    09
Lion 37
1 00038U 00000ABC 00001.00000000  .00000000  00000-0  00000+0 0    04
2 00038  51.9000 108.0000 0000001   0.0000 270.0000 14.80000000    00
Lion 38
1 00039U 00000ABC 00001.00000000  .00000000  00000-0  00000+0 0    05
2 00039  51.9000 108.0000 0000001   0.0000 306.0000 14.80000000    01
Lion 39
1 00040U 00000ABC 00001.00000000  .00000000  00000-0  00000+0 0    07
2 00040  51.9000 108.0000 0000001   0.0000 342.0000 14.80000000    03
Lion 40
1 00041U 00000ABC 00001.00000000  .00000000  00000-0  00000+0 0    08
2 00041  51.9000 144.0000 0000001   0.0000   0.0000 14.80000000    05
Lion 41
1 00042U 00000ABC 00001.00000000  .00000000  00000-0  00000+0 0    09
2 00042  51.9000 144.0000 0000001   0.0000  36.0000 14.80000000    05
Lion 42
1 00043U 00000ABC 00001.00000000  .00000000  00000-0  00000+0 0    00
2 00043  51.9000 144.0000 0000001   0.0000  72.0000 14.80000000    06
Lion 43
1 00044U 00000ABC 00001.00000000  .00000000  00000-0  00000+0 0    01
2 00044  51.9000 144.0000 0000001   0.0000 108.0000 14.80000000    07
Lion 44
1 00045U 00000ABC 00001.00000000  .00000000  00000-0  00000+0 0    02
2 00045  51.9000 144.0000 0000001   0.0000 144.0000 14.80000000    08
Lion 45
1 00046U 00000ABC 00001.00000000  .00000000  00000-0  00000+0 0    03
2 00046  51.9000 144.0000 0000001   0.0000 180.0000 14.80000000    09
Lion 46
1 00047U 00000ABC 00001.00000000  .00000000  00000-0  00000+0 0    04
2 00047  51.9000 144.0000 0000001   0.0000 216.0000 14.80000000    00
Lion 47
1 00048U 00000ABC 00001.00000000  .00000000  00000-0  00000+0 0    05
2 00048  51.9000 144.0000 0000001   0.0000 252.0000 14.80000000    01
Lion 48
1 00049U 00000ABC 00001.00000000  .00000000  00000-0  00000+0 0    06
2 00049  51.9000 144.0000 0000001   0.0000 288.0000 14.80000000    01
Lion 49
1 00050U 00000ABC 00001.00000000  .00000000  00000-0  00000+0 0    08
2 00050  51.9000 144.0000 0000001   0.0000 324.0000 14.80000000    04
Lion 50
1 00051U 00000ABC 00001.00000000  .00000000  00000-0  00000+0 0    09
2 00051  51.9000 180.0000 0000001   0.0000  18.0000 14.80000000    05
Lion 51
1 00052U 00000ABC 00001.00000000  .00000000  00000-0  00000+0 0    00
2 00052  51.9000 180.0000 0000001   0.0000  54.0000 14.80000000    06
Lion 52
1 00053U 00000ABC 00001.00000000  .00000000  00000-0  00000+0 0    01
2 00053  51.9000 180.0000 0000001   0.0000  90.0000 14.80000000    07
Lion 53
1 00054U 00000ABC 00001.00000000  .00000000  00000-0  00000+0 0    02
2 00054  51.9000 180.0000 0000001   0.0000 126.0000 14.80000000    08
Lion 54
1 00055U 00000ABC 00001.00000000  .00000000  00000-0  00000+0 0    03
2 00055  51.9000 180.0000 0000001   0.0000 162.0000 14.80000000    09
Lion 55
1 00056U 00000ABC 00001.00000000  .00000000  00000-0  00000+0 0    04
2 00056  51.9000 180.0000 0000001   0.0000 198.0000 14.80000000    09
Lion 56
1 00057U 00000ABC 00001.00000000  .00000000  00000-0  00000+0 0    05
2 00057  51.9000 180.0000 0000001   0.0000 234.0000 14.80000000    01
Lion 57
1 00058U 00000ABC 00001.00000000  .00000000  00000-0  00000+0 0    06
2 00058  51.9000 180.0000 0000001   0.0000 270.0000 14.80000000    02
Lion 58
1 00059U 00000ABC 00001.00000000  .00000000  00000-0  00000+0 0    07
2 00059  51.9000 180.0000 0000001   0.0000 306.0000 14.80000000    03
Lion 59
1 00060U 00000ABC 00001.00000000  .00000000  00000-0  00000+0 0    09
2 00060  51.9000 180.0000 0000001   0.0000 342.0000 14.80000000    05
Lion 60
1 00061U 00000ABC 00001.00000000  .00000000  00000-0  00000+0 0    00
2 00061  51.9000 216.0000 0000001   0.0000   0.0000 14.80000000    07
Lion 61
1 00062U 00000ABC 00001.00000000  .00000000  00000-0  00000+0 0    01
2 00062  51.9000 216.0000 0000001   0.0000  36.0000 14.80000000    07
Lion 62
1 00063U 00000ABC 00001.00000000  .00000000  00000-0  00000+0 0    02
2 00063  51.9000 216.0000 0000001   0.0000  72.0000 14.80000000    08
Lion 63
1 00064U 00000ABC 00001.00000000  .00000000  00000-0  00000+0 0    03
2 00064  51.9000 216.0000 0000001   0.0000 108.0000 14.80000000    09
Lion 64
1 00065U 00000ABC 00001.00000000  .00000000  00000-0  00000+0 0    04
2 00065  51.9000 216.0000 0000001   0.0000 144.0000 14.80000000    00
Lion 65
1 00066U 00000ABC 00001.00000000  .00000000  00000-0  00000+0 0    05
2 00066  51.9000 216.0000 0000001   0.0000 180.0000 14.80000000    01
Lion 66
1 00067U 00000ABC 00001.00000000  .00000000  00000-0  00000+0 0    06
2 00067  51.9000 216.0000 0000001   0.0000 216.0000 14.80000000    02
Lion 67
1 00068U 00000ABC 00001.00000000  .00000000  00000-0  00000+0 0    07
2 00068  51.9000 216.0000 0000001   0.0000 252.0000 14.80000000    03
Lion 68
1 00069U 00000ABC 00001.00000000  .00000000  00000-0  00000+0 0    08
2 00069  51.9000 216.0000 0000001   0.0000 288.0000 14.80000000    03
Lion 69
1 00070U 00000ABC 00001.00000000  .00000000  00000-0  00000+0 0    00
2 00070  51.9000 216.0000 0000001   0.0000 324.0000 14.80000000    06
Lion 70
1 00071U 00000ABC 00001.00000000  .00000000  00000-0  00000+0 0    01
2 00071  51.9000 252.0000 0000001   0.0000  18.0000 14.80000000    07
Lion 71
1 00072U 00000ABC 00001.00000000  .00000000  00000-0  00000+0 0    02
2 00072  51.9000 252.0000 0000001   0.0000  54.0000 14.80000000    08
Lion 72
1 00073U 00000ABC 00001.00000000  .00000000  00000-0  00000+0 0    03
2 00073  51.9000 252.0000 0000001   0.0000  90.0000 14.80000000    09
Lion 73
1 00074U 00000ABC 00001.00000000  .00000000  00000-0  00000+0 0    04
2 00074  51.9000 252.0000 0000001   0.0000 126.0000 14.80000000    00
Lion 74
1 00075U 00000ABC 00001.00000000  .00000000  00000-0  00000+0 0    05
2 00075  51.9000 252.0000 0000001   0.0000 162.0000 14.80000000    01
Lion 75
1 00076U 00000ABC 00001.00000000  .00000000  00000-0  00000+0 0    06
2 00076  51.9000 252.0000 0000001   0.0000 198.0000 14.80000000    01
Lion 76
1 00077U 00000ABC 00001.00000000  .00000000  00000-0  00000+0 0    07
2 00077  51.9000 252.0000 0000001   0.0000 234.0000 14.80000000    03
Lion 77
1 00078U 00000ABC 00001.00000000  .00000000  00000-0  00000+0 0    08
2 00078  51.9000 252.0000 0000001   0.0000 270.0000 14.80000000    04
Lion 78
1 00079U 00000ABC 00001.00000000  .00000000  00000-0  00000+0 0    09
2 00079  51.9000 252.0000 0000001   0.0000 306.0000 14.80000000    05
Lion 79
1 00080U 00000ABC 00001.00000000  .00000000  00000-0  00000+0 0    01
2 00080  51.9000 252.0000 0000001   0.0000 342.0000 14.80000000    07
Lion 80
1 00081U 00000ABC 00001.00000000  .00000000  00000-0  00000+0 0    02
2 00081  51.9000 288.0000 0000001   0.0000   0.0000 14.80000000    08
Lion 81
1 00082U 00000ABC 00001.00000000  .00000000  00000-0  00000+0 0    03
2 00082  51.9000 288.0000 0000001   0.0000  36.0000 14.80000000    08
Lion 82
1 00083U 00000ABC 00001.00000000  .00000000  00000-0  00000+0 0    04
2 00083  51.9000 288.0000 0000001   0.0000  72.0000 14.80000000    09
Lion 83
1 00084U 00000ABC 00001.00000000  .00000000  00000-0  00000+0 0    05
2 00084  51.9000 288.0000 0000001   0.0000 108.0000 14.80000000    00
Lion 84
1 00085U 00000ABC 00001.00000000  .00000000  00000-0  00000+0 0    06
2 00085  51.9000 288.0000 0000001   0.0000 144.0000 14.80000000    01
Lion 85
1 00086U 00000ABC 00001.00000000  .00000000  00000-0  00000+0 0    07
2 00086  51.9000 288.0000 0000001   0.0000 180.0000 14.80000000    02
Lion 86
1 00087U 00000ABC 00001.00000000  .00000000  00000-0  00000+0 0    08
2 00087  51.9000 288.0000 0000001   0.0000 216.0000 14.80000000    03
Lion 87
1 00088U 00000ABC 00001.00000000  .00000000  00000-0  00000+0 0    09
2 00088  51.9000 288.0000 0000001   0.0000 252.0000 14.80000000    04
Lion 88
1 00089U 00000ABC 00001.00000000  .00000000  00000-0  00000+0 0    00
2 00089  51.9000 288.0000 0000001   0.0000 288.0000 14.80000000    04
Lion 89
1 00090U 00000ABC 00001.00000000  .00000000  00000-0  00000+0 0    02
2 00090  51.9000 288.0000 0000001   0.0000 324.0000 14.80000000    07
Lion 90
1 00091U 00000ABC 00001.00000000  .00000000  00000-0  00000+0 0    03
2 00091  51.9000 324.0000 0000001   0.0000  18.0000 14.80000000    09
Lion 91
1 00092U 00000ABC 00001.00000000  .00000000  00000-0  00000+0 0    04
2 00092  51.9000 324.0000 0000001   0.0000  54.0000 14.80000000    00
Lion 92
1 00093U 00000ABC 00001.00000000  .00000000  00000-0  00000+0 0    05
2 00093  51.9000 324.0000 0000001   0.0000  90.0000 14.80000000    01
Lion 93
1 00094U 00000ABC 00001.00000000  .00000000  00000-0  00000+0 0    06
2 00094  51.9000 324.0000 0000001   0.0000 126.0000 14.80000000    02
Lion 94
1 00095U 00000ABC 00001.00000000  .00000000  00000-0  00000+0 0    07
2 00095  51.9000 324.0000 0000001   0.0000 162.0000 14.80000000    03
Lion 95
1 00096U 00000ABC 00001.00000000  .00000000  00000-0  00000+0 0    08
2 00096  51.9000 324.0000 0000001   0.0000 198.0000 14.80000000    03
Lion 96
1 00097U 00000ABC 00001.00000000  .00000000  00000-0  00000+0 0    09
2 00097  51.9000 324.0000 0000001   0.0000 234.0000 14.80000000    05
Lion 97
1 00098U 00000ABC 00001.00000000  .00000000  00000-0  00000+0 0    00
2 00098  51.9000 324.0000 0000001   0.0000 270.0000 14.80000000    06
Lion 98
1 00099U 00000ABC 00001.00000000  .00000000  00000-0  00000+0 0    01
2 00099  51.9000 324.0000 0000001   0.0000 306.0000 14.80000000    07
Lion 99
1 00100U 00000ABC 00001.00000000  .00000000  00000-0  00000+0 0    04
2 00100  51.9000 324.0000 0000001   0.0000 342.0000 14.80000000    00
